Haplogroup	Frequency_Africa	Frequency_non_Africa	Total_Africa	Total_non_Africa
B4a1a1	0.000297	0.000319	3363	50111
B4a1a1b	0.178412	0.000040	3363	50111
E1	0.000297	0.000020	3363	50111
E1a1a	0.000595	0.000120	3363	50111
E1a1a1	0.053821	0.000499	3363	50111
F3b1b	0.039251	0.000100	3363	50111
F4b	0.000297	0.000798	3363	50111
F4b1	0.005352	0.000539	3363	50111
H	0.003568	0.002055	3363	50111
H+152	0.000595	0.000259	3363	50111
H+16129	0.000297	0.000060	3363	50111
H1	0.003568	0.003273	3363	50111
H1+152	0.001189	0.000659	3363	50111
H1+16189	0.000595	0.000200	3363	50111
H1+16311	0.000297	0.001018	3363	50111
H10	0.000297	0.000060	3363	50111
H101	0.000297	0.000359	3363	50111
H10a1	0.000297	0.000120	3363	50111
H13a1a2a	0.000297	0.000040	3363	50111
H13a2a1	0.000297	0.000080	3363	50111
H13b1	0.000297	0.000020	3363	50111
H14b4	0.000297	0.000040	3363	50111
H15b1	0.000297	0.000080	3363	50111
H1af1	0.000297	0.000020	3363	50111
H1ak	0.000297	0.000120	3363	50111
H1ak1	0.000297	0.000040	3363	50111
H1b	0.000297	0.000978	3363	50111
H1c5	0.000297	0.000020	3363	50111
H1c9	0.000297	0.000020	3363	50111
H1e	0.000595	0.000220	3363	50111
H1e1a6	0.000595	0.000060	3363	50111
H1t2	0.000297	0.000040	3363	50111
H1v	0.001487	0.000040	3363	50111
H1v1	0.000297	0.000000	3363	50111
H20c	0.000892	0.000180	3363	50111
H23	0.000595	0.001217	3363	50111
H2a1+146	0.000297	0.000020	3363	50111
H2a1a	0.000297	0.000678	3363	50111
H2a5b	0.000297	0.000040	3363	50111
H3	0.000297	0.005987	3363	50111
H3+16311	0.000297	0.000060	3363	50111
H30a	0.000297	0.000020	3363	50111
H32	0.000297	0.000120	3363	50111
H3aa	0.000297	0.000040	3363	50111
H3g1	0.000297	0.000060	3363	50111
H3r	0.000297	0.000040	3363	50111
H3r1	0.000297	0.000040	3363	50111
H3u	0.000595	0.000459	3363	50111
H4a1	0.000297	0.000220	3363	50111
H4a1a	0.000297	0.000080	3363	50111
H5	0.001487	0.000599	3363	50111
H53	0.000297	0.000040	3363	50111
H55b	0.000297	0.000060	3363	50111
H5a1	0.000297	0.000479	3363	50111
H61	0.000297	0.000080	3363	50111
H6a1a	0.000297	0.000379	3363	50111
H7	0.000297	0.000180	3363	50111
H71	0.000297	0.000180	3363	50111
H75	0.000297	0.000020	3363	50111
H87	0.000297	0.000040	3363	50111
HV	0.000297	0.000319	3363	50111
HV0+195	0.001487	0.000379	3363	50111
HV0g	0.000297	0.000040	3363	50111
HV15	0.000297	0.000040	3363	50111
HV1a'b'c	0.000297	0.000100	3363	50111
HV1a1a	0.000297	0.000259	3363	50111
HV1b3	0.000297	0.000060	3363	50111
HV1c	0.000297	0.000040	3363	50111
HV24	0.000297	0.000020	3363	50111
HV2a1	0.000297	0.000160	3363	50111
HV4	0.000297	0.000100	3363	50111
I1a	0.000297	0.000080	3363	50111
I4a	0.000297	0.000100	3363	50111
I5a1c	0.000297	0.000040	3363	50111
I6	0.000297	0.000000	3363	50111
J1b1a1	0.000297	0.000539	3363	50111
J1b1b1	0.000297	0.000579	3363	50111
J1b2	0.000297	0.000160	3363	50111
J1c10a	0.000297	0.000120	3363	50111
J1c2	0.000297	0.000958	3363	50111
J1c3	0.000297	0.000678	3363	50111
J2a1a1	0.000297	0.000639	3363	50111
J2a1a1e	0.000297	0.000080	3363	50111
J2a2a1a1	0.000297	0.000040	3363	50111
J2a2b1a	0.000297	0.000040	3363	50111
J2a2d	0.001189	0.000040	3363	50111
K1a1a	0.000297	0.000040	3363	50111
K1a4b1	0.000595	0.000080	3363	50111
K1b1c	0.000297	0.000259	3363	50111
L0a	0.000892	0.000000	3363	50111
L0a1'4	0.000297	0.000000	3363	50111
L0a1+16293	0.000892	0.000000	3363	50111
L0a1a+200	0.001189	0.000120	3363	50111
L0a1a1	0.000595	0.000040	3363	50111
L0a1a2	0.001487	0.000040	3363	50111
L0a1b	0.000595	0.000000	3363	50111
L0a1b1a	0.000892	0.000020	3363	50111
L0a1b1a1	0.011299	0.000060	3363	50111
L0a1b1a1a	0.000297	0.000020	3363	50111
L0a1e	0.000297	0.000020	3363	50111
L0a2	0.002379	0.000000	3363	50111
L0a2a1	0.000892	0.000020	3363	50111
L0a2a1a	0.001487	0.000000	3363	50111
L0a2a1a2	0.000297	0.000040	3363	50111
L0a2a1b	0.001487	0.000040	3363	50111
L0a2a2	0.000297	0.000020	3363	50111
L0a2a2a	0.030925	0.000200	3363	50111
L0a2b	0.000595	0.000040	3363	50111
L0a2d	0.000297	0.000040	3363	50111
L0d1a1a1	0.000297	0.000040	3363	50111
L0d1b2b2c1	0.000297	0.000040	3363	50111
L0d1c	0.000892	0.000020	3363	50111
L0d2a'b'd	0.000297	0.000000	3363	50111
L0f	0.001784	0.000020	3363	50111
L0k1a1a	0.000297	0.000040	3363	50111
L1b1a	0.001189	0.000020	3363	50111
L1b1a+189	0.000297	0.000020	3363	50111
L1b1a10	0.001189	0.000040	3363	50111
L1b1a14	0.000892	0.000040	3363	50111
L1b1a17	0.000595	0.000040	3363	50111
L1b1a18	0.000297	0.000020	3363	50111
L1b1a2	0.000297	0.000040	3363	50111
L1b1a2a	0.000297	0.000040	3363	50111
L1b1a3	0.000595	0.000080	3363	50111
L1b1a3a	0.000595	0.000060	3363	50111
L1b1a4	0.000297	0.000020	3363	50111
L1b1a4a	0.000297	0.000040	3363	50111
L1b1a5	0.000297	0.000020	3363	50111
L1b1a6	0.002974	0.000040	3363	50111
L1b1a7	0.000297	0.000020	3363	50111
L1b1a9	0.000297	0.000040	3363	50111
L1b2a	0.001784	0.000060	3363	50111
L1c1	0.000595	0.000000	3363	50111
L1c1a1a1a	0.001487	0.000040	3363	50111
L1c1a1a1b	0.000297	0.000040	3363	50111
L1c1a1a1b1	0.000595	0.000040	3363	50111
L1c1a2a1	0.000297	0.000040	3363	50111
L1c1a2a2	0.000595	0.000040	3363	50111
L1c1a2b	0.001189	0.000040	3363	50111
L1c1d	0.002676	0.000000	3363	50111
L1c2a1a	0.003568	0.000040	3363	50111
L1c2a2	0.000595	0.000040	3363	50111
L1c2a3a	0.000297	0.000040	3363	50111
L1c2b1a'b	0.000297	0.000020	3363	50111
L1c2b1b	0.000297	0.000040	3363	50111
L1c2b2	0.000297	0.000080	3363	50111
L1c3	0.000595	0.000000	3363	50111
L1c3a	0.003568	0.000040	3363	50111
L1c3a1a	0.000297	0.000040	3363	50111
L1c3a1b	0.000892	0.000040	3363	50111
L1c3b1a	0.001189	0.000020	3363	50111
L1c3c	0.005352	0.000020	3363	50111
L1c4b	0.001784	0.000040	3363	50111
L1c5	0.000297	0.000040	3363	50111
L2a1+143	0.001189	0.000040	3363	50111
L2a1+143+16189  (16192)	0.000892	0.000040	3363	50111
L2a1+143+@16309	0.000595	0.000000	3363	50111
L2a1a	0.003568	0.000040	3363	50111
L2a1a1	0.000297	0.000020	3363	50111
L2a1a2	0.016949	0.000060	3363	50111
L2a1a2a1a	0.001189	0.000040	3363	50111
L2a1a2b	0.000297	0.000040	3363	50111
L2a1a2c	0.000297	0.000040	3363	50111
L2a1a3a	0.000892	0.000040	3363	50111
L2a1a3c	0.001189	0.000040	3363	50111
L2a1b1a	0.052632	0.000040	3363	50111
L2a1c	0.000892	0.000040	3363	50111
L2a1c1	0.000297	0.000020	3363	50111
L2a1c2	0.000892	0.000040	3363	50111
L2a1c3a	0.001189	0.000040	3363	50111
L2a1c3b1	0.000892	0.000040	3363	50111
L2a1c3b2	0.000595	0.000020	3363	50111
L2a1c4a	0.000297	0.000040	3363	50111
L2a1c5	0.000595	0.000020	3363	50111
L2a1d1	0.000595	0.000040	3363	50111
L2a1f	0.005650	0.000040	3363	50111
L2a1f1	0.000595	0.000040	3363	50111
L2a1f2	0.000297	0.000040	3363	50111
L2a1f3	0.002379	0.000100	3363	50111
L2a1g	0.000595	0.000060	3363	50111
L2a1h	0.000595	0.000040	3363	50111
L2a1i1	0.000297	0.000040	3363	50111
L2a1l2	0.000892	0.000020	3363	50111
L2a1m	0.000297	0.000020	3363	50111
L2a2a1	0.000892	0.000040	3363	50111
L2a2b1a	0.001189	0.000040	3363	50111
L2a2b2	0.000297	0.000040	3363	50111
L2a4a	0.000595	0.000040	3363	50111
L2a5	0.002081	0.000020	3363	50111
L2b1a	0.000892	0.000020	3363	50111
L2b1a2	0.000595	0.000040	3363	50111
L2b1a3	0.002676	0.000060	3363	50111
L2b2	0.000892	0.000020	3363	50111
L2b2a	0.001189	0.000040	3363	50111
L2b3a	0.000297	0.000040	3363	50111
L2c	0.001487	0.000080	3363	50111
L2c1a	0.001189	0.000040	3363	50111
L2c2a1	0.000297	0.000040	3363	50111
L2c2b1b	0.000892	0.000040	3363	50111
L2c3a	0.000297	0.000040	3363	50111
L2c5	0.000297	0.000020	3363	50111
L2d1a	0.000297	0.000060	3363	50111
L2e1	0.000595	0.000020	3363	50111
L3	0.000892	0.000000	3363	50111
L3a+709	0.004163	0.000020	3363	50111
L3a1	0.000297	0.000000	3363	50111
L3a1b	0.000595	0.000040	3363	50111
L3b1	0.000297	0.000000	3363	50111
L3b1a	0.002676	0.000020	3363	50111
L3b1a+@16124	0.000892	0.000080	3363	50111
L3b1a10	0.000595	0.000020	3363	50111
L3b1a11	0.001189	0.000060	3363	50111
L3b1a1a	0.055902	0.000160	3363	50111
L3b1a3	0.001487	0.000040	3363	50111
L3b1a7	0.000297	0.000020	3363	50111
L3b1a8	0.005055	0.000000	3363	50111
L3b1b	0.001487	0.000040	3363	50111
L3b2	0.000892	0.000020	3363	50111
L3b2a	0.000297	0.000040	3363	50111
L3b2b	0.000892	0.000020	3363	50111
L3c'd	0.000297	0.000000	3363	50111
L3d1	0.000297	0.000000	3363	50111
L3d1'2'3'4'5'6	0.000297	0.000020	3363	50111
L3d1a	0.000892	0.000020	3363	50111
L3d1a1a	0.016354	0.000180	3363	50111
L3d1a1a1	0.012786	0.000060	3363	50111
L3d1a1b	0.000595	0.000020	3363	50111
L3d1a2	0.000595	0.000040	3363	50111
L3d1b	0.001189	0.000040	3363	50111
L3d1c1	0.000892	0.000040	3363	50111
L3d1d	0.000297	0.000040	3363	50111
L3d2b	0.000595	0.000040	3363	50111
L3d3a1	0.000595	0.000020	3363	50111
L3d3a1a	0.000297	0.000080	3363	50111
L3d3b	0.000595	0.000040	3363	50111
L3d4	0.000892	0.000020	3363	50111
L3d5a	0.000297	0.000020	3363	50111
L3e1	0.002379	0.000060	3363	50111
L3e1a1a	0.007731	0.000040	3363	50111
L3e1a3a	0.019328	0.000040	3363	50111
L3e1b1	0.000595	0.000080	3363	50111
L3e1b2	0.002379	0.000040	3363	50111
L3e1c	0.000297	0.000040	3363	50111
L3e1d1	0.004460	0.000040	3363	50111
L3e1e	0.000892	0.000020	3363	50111
L3e1e1	0.001487	0.000040	3363	50111
L3e1f1	0.000297	0.000020	3363	50111
L3e1g	0.000595	0.000040	3363	50111
L3e2a	0.000297	0.000020	3363	50111
L3e2a1b	0.000297	0.000060	3363	50111
L3e2a1b1	0.000297	0.000040	3363	50111
L3e2a1b2	0.000892	0.000040	3363	50111
L3e2a2	0.000297	0.000040	3363	50111
L3e2b	0.003866	0.000060	3363	50111
L3e2b+152	0.003271	0.000040	3363	50111
L3e2b1	0.000297	0.000020	3363	50111
L3e2b1a2	0.001784	0.000040	3363	50111
L3e2b3	0.000595	0.000040	3363	50111
L3e2b7	0.000297	0.000040	3363	50111
L3e3a	0.021409	0.000120	3363	50111
L3e3b	0.001189	0.000040	3363	50111
L3e3b1	0.012489	0.000040	3363	50111
L3e3b2	0.000892	0.000040	3363	50111
L3e4	0.000595	0.000020	3363	50111
L3e4a1	0.000595	0.000040	3363	50111
L3e5	0.000297	0.000040	3363	50111
L3e5b	0.000297	0.000040	3363	50111
L3e5d	0.000297	0.000040	3363	50111
L3f	0.000595	0.000080	3363	50111
L3f1b	0.000595	0.000000	3363	50111
L3f1b+16292+150	0.000595	0.000000	3363	50111
L3f1b1	0.000297	0.000020	3363	50111
L3f1b1a	0.000595	0.000040	3363	50111
L3f1b1a1	0.000297	0.000040	3363	50111
L3f1b4a	0.001189	0.000020	3363	50111
L3f1b4a1	0.003568	0.000040	3363	50111
L3f1b4b	0.000297	0.000020	3363	50111
L3f1b4c	0.000595	0.000040	3363	50111
L3f2a1	0.000297	0.000020	3363	50111
L3f3	0.000595	0.000040	3363	50111
L3f3b	0.000297	0.000040	3363	50111
L3h1a1	0.000297	0.000020	3363	50111
L3h1a2	0.000297	0.000000	3363	50111
L3h1b1a	0.000595	0.000080	3363	50111
L3k1	0.003271	0.000060	3363	50111
L3x1a2	0.000297	0.000040	3363	50111
L4b1a	0.002676	0.000040	3363	50111
L4b2a	0.000595	0.000000	3363	50111
L4b2a1	0.002081	0.000060	3363	50111
L4b2b	0.000297	0.000000	3363	50111
L5a1	0.000297	0.000000	3363	50111
L5a1c	0.000297	0.000020	3363	50111
M1a1b1	0.000297	0.000040	3363	50111
M1a1b2	0.000297	0.000040	3363	50111
M1a1i	0.000297	0.000040	3363	50111
M1a2	0.000297	0.000040	3363	50111
M1a3b	0.000297	0.000020	3363	50111
M1a3b2	0.000297	0.000040	3363	50111
M1a6	0.000297	0.000060	3363	50111
M1b1	0.000297	0.000040	3363	50111
M1b1a	0.000892	0.000060	3363	50111
M1b2	0.000297	0.000040	3363	50111
M20	0.000892	0.001956	3363	50111
M23	0.065120	0.000100	3363	50111
M32c	0.044008	0.000040	3363	50111
M7c1	0.000297	0.002674	3363	50111
M7c1c3	0.094261	0.002554	3363	50111
M9	0.000297	0.001277	3363	50111
N1a1a3	0.000297	0.000160	3363	50111
N1a3a	0.000297	0.000419	3363	50111
N1b1a	0.000595	0.000279	3363	50111
Q1d	0.001487	0.000080	3363	50111
R0a1	0.000297	0.000020	3363	50111
R0a1+152	0.000297	0.000040	3363	50111
R0a1a	0.001487	0.000200	3363	50111
R0a2	0.000297	0.000080	3363	50111
R0a2a	0.000297	0.000040	3363	50111
R0a2a1	0.000297	0.000040	3363	50111
R0a2c	0.000297	0.000040	3363	50111
R0a2k	0.000297	0.000040	3363	50111
T1a	0.000297	0.000639	3363	50111
T1a6	0.000297	0.000040	3363	50111
T2+16189	0.000297	0.000080	3363	50111
T2a1a	0.000595	0.000120	3363	50111
T2a2	0.000297	0.000080	3363	50111
T2b	0.000595	0.000659	3363	50111
T2b3+151	0.000297	0.000200	3363	50111
T2b32	0.000595	0.000040	3363	50111
T2b4+152	0.000297	0.000140	3363	50111
T2b7a3	0.000297	0.000020	3363	50111
T2c1+146	0.000892	0.000040	3363	50111
T2c1a2	0.000297	0.000040	3363	50111
T2c1c1	0.000297	0.000040	3363	50111
T2d1b2	0.000297	0.000040	3363	50111
T2e	0.000297	0.000519	3363	50111
T2g1a	0.000297	0.000180	3363	50111
U1a1a+16129	0.000297	0.000020	3363	50111
U1a1c1d	0.000297	0.000120	3363	50111
U1a3	0.000297	0.000080	3363	50111
U2d	0.000297	0.000000	3363	50111
U2e1a1	0.000297	0.000339	3363	50111
U3a	0.001189	0.000080	3363	50111
U3a1	0.000595	0.000160	3363	50111
U3a3	0.000297	0.000080	3363	50111
U3b	0.000595	0.000160	3363	50111
U4a2d	0.000297	0.000040	3363	50111
U5a1c	0.000595	0.000000	3363	50111
U5a2a	0.000297	0.000040	3363	50111
U5a2b	0.000297	0.000239	3363	50111
U5a2c1	0.000297	0.000060	3363	50111
U5b1b1b	0.000297	0.000040	3363	50111
U5b1e	0.000297	0.000040	3363	50111
U5b2a1a1	0.000297	0.000040	3363	50111
U5b2b3	0.000297	0.000020	3363	50111
U6a1a1	0.001784	0.000040	3363	50111
U6a3b1	0.000297	0.000040	3363	50111
U6a3e	0.000297	0.000040	3363	50111
U6a5a	0.000297	0.000020	3363	50111
U6a5c	0.000595	0.000040	3363	50111
U6a6b2	0.000297	0.000040	3363	50111
U6a7a1b	0.000297	0.000040	3363	50111
U6a7a2	0.000297	0.000020	3363	50111
U6a7b1	0.000297	0.000040	3363	50111
U6b	0.000297	0.000040	3363	50111
U6d2	0.000297	0.000040	3363	50111
U6d3a	0.000297	0.000020	3363	50111
U7a2a	0.000297	0.000080	3363	50111
U7a4	0.000297	0.000120	3363	50111
U8b1a1	0.000297	0.000160	3363	50111
U8b1a2a	0.000297	0.000040	3363	50111
U8b1a2b	0.000892	0.000060	3363	50111
V	0.000595	0.001277	3363	50111
V+@72	0.000297	0.000180	3363	50111
V25	0.001189	0.000220	3363	50111
W+194	0.000297	0.000100	3363	50111
W1c1	0.000297	0.000040	3363	50111
W3a1	0.000297	0.000259	3363	50111
W4	0.000297	0.000419	3363	50111
X2+225	0.000297	0.000180	3363	50111
X2+225+@16223	0.000297	0.000040	3363	50111
X2i+@225	0.000297	0.000100	3363	50111
X3a	0.000595	0.000080	3363	50111
