Haplogroup	Frequency_Southeast_Asia	Frequency_non_Southeast_Asia	Total_Southeast_Asia	Total_non_Southeast_Asia
A	0.000150	0.008329	6649	46825
A+152	0.001053	0.000278	6649	46825
A+152+16362	0.003610	0.003780	6649	46825
A+152+16362+200	0.000752	0.000299	6649	46825
A11+16234	0.001955	0.000021	6649	46825
A13	0.001654	0.001025	6649	46825
A14	0.006918	0.003161	6649	46825
A15a	0.000150	0.003161	6649	46825
A17	0.003760	0.002050	6649	46825
A25	0.000150	0.000171	6649	46825
A2ad1	0.000602	0.000043	6649	46825
A5b1	0.000301	0.000619	6649	46825
A8a	0.000150	0.000534	6649	46825
B2o	0.000150	0.000043	6649	46825
B4	0.002106	0.003225	6649	46825
B4+16261	0.001053	0.000470	6649	46825
B4a	0.000150	0.001516	6649	46825
B4a1a	0.001805	0.000427	6649	46825
B4a1a3a1	0.000150	0.000043	6649	46825
B4a1c	0.000150	0.001175	6649	46825
B4a1c+146	0.000150	0.000000	6649	46825
B4a1c2	0.000451	0.000406	6649	46825
B4a1c4	0.004211	0.000384	6649	46825
B4a1e	0.001203	0.000662	6649	46825
B4a4	0.000301	0.002798	6649	46825
B4a5	0.002256	0.001281	6649	46825
B4b1	0.000902	0.000790	6649	46825
B4b1a	0.000451	0.000876	6649	46825
B4b1a2	0.001203	0.001367	6649	46825
B4b1a2a	0.005264	0.001837	6649	46825
B4b1a2b1	0.000752	0.000021	6649	46825
B4b1a2c	0.000902	0.000000	6649	46825
B4b1a2d	0.000602	0.000000	6649	46825
B4b1a2i	0.000301	0.000043	6649	46825
B4b1c1	0.001203	0.000897	6649	46825
B4c	0.002858	0.000149	6649	46825
B4c1a	0.000902	0.000107	6649	46825
B4c1b	0.000752	0.001175	6649	46825
B4c1b+16335	0.000301	0.000149	6649	46825
B4c1b2a	0.001654	0.002862	6649	46825
B4c1b2a2	0.003158	0.000064	6649	46825
B4c1b2b	0.000301	0.000256	6649	46825
B4c1b2c	0.000752	0.004015	6649	46825
B4c1b2c2	0.001053	0.000214	6649	46825
B4c1c1	0.000150	0.000662	6649	46825
B4c2	0.018349	0.000342	6649	46825
B4c2b	0.000301	0.000021	6649	46825
B4c2c	0.001654	0.000747	6649	46825
B4d1a	0.000451	0.001025	6649	46825
B4e	0.002406	0.000235	6649	46825
B4g	0.000752	0.000085	6649	46825
B4g1	0.000902	0.000128	6649	46825
B4g1a	0.001805	0.000662	6649	46825
B4g2	0.003008	0.000726	6649	46825
B4h	0.001504	0.002798	6649	46825
B4h1	0.000150	0.001943	6649	46825
B4k	0.000451	0.000961	6649	46825
B4m	0.000301	0.000021	6649	46825
B5a	0.037148	0.000897	6649	46825
B5a1	0.003760	0.001943	6649	46825
B5a1a	0.026320	0.001708	6649	46825
B5a1b1	0.009325	0.001046	6649	46825
B5a1c	0.001504	0.001175	6649	46825
B5a1c1a	0.005866	0.001217	6649	46825
B5a1c1a1	0.004061	0.000747	6649	46825
B5a1d	0.035043	0.000320	6649	46825
B5a2a1a	0.000150	0.001879	6649	46825
B5b	0.001654	0.004207	6649	46825
B5b1	0.000150	0.000128	6649	46825
B5b1a	0.000150	0.000577	6649	46825
B5b1c	0.001053	0.000149	6649	46825
B5b2+@204	0.000150	0.000064	6649	46825
B5b2a1	0.000301	0.000278	6649	46825
B6	0.000451	0.000000	6649	46825
B6a	0.006317	0.000406	6649	46825
B6a1	0.000752	0.000235	6649	46825
B6a1a	0.009325	0.000064	6649	46825
C	0.000902	0.000747	6649	46825
C4+152	0.000150	0.000128	6649	46825
C4a1	0.001354	0.000534	6649	46825
C4a1b	0.000301	0.000192	6649	46825
C4a2	0.000150	0.000534	6649	46825
C4a2b	0.000752	0.000214	6649	46825
C4a2b2	0.000451	0.001901	6649	46825
C4a2c	0.000301	0.000214	6649	46825
C4a2c2	0.000150	0.000171	6649	46825
C4b1	0.004362	0.002093	6649	46825
C4b8a	0.001654	0.000342	6649	46825
C4c1b	0.000752	0.000149	6649	46825
C4d	0.000301	0.000427	6649	46825
C5d	0.000902	0.000128	6649	46825
C7	0.004061	0.002563	6649	46825
C7+16051	0.000301	0.000128	6649	46825
C7a	0.008122	0.002541	6649	46825
C7a1	0.003760	0.002306	6649	46825
C7a1a	0.000451	0.000000	6649	46825
C7a2	0.002557	0.001602	6649	46825
CZ	0.000451	0.000000	6649	46825
D4	0.002858	0.013262	6649	46825
D4a	0.003309	0.006749	6649	46825
D4a1e	0.003459	0.000107	6649	46825
D4a5	0.000150	0.001217	6649	46825
D4a7	0.000451	0.001879	6649	46825
D4b	0.000150	0.004122	6649	46825
D4b1	0.001203	0.000342	6649	46825
D4b1a	0.000150	0.001153	6649	46825
D4b1a1	0.000902	0.000342	6649	46825
D4b1b	0.000150	0.000854	6649	46825
D4b1d	0.000150	0.000278	6649	46825
D4b2	0.000150	0.000043	6649	46825
D4b2a1	0.005414	0.000107	6649	46825
D4b2b	0.000301	0.005617	6649	46825
D4b2b2a	0.000301	0.000064	6649	46825
D4e1a	0.004512	0.001730	6649	46825
D4e1a2	0.001354	0.000470	6649	46825
D4e1a3	0.001955	0.000769	6649	46825
D4e3	0.000451	0.001239	6649	46825
D4g2a	0.001203	0.000085	6649	46825
D4g2a1	0.000451	0.004015	6649	46825
D4g2a1b	0.000752	0.000085	6649	46825
D4g2a1c	0.000451	0.000043	6649	46825
D4h	0.000451	0.000171	6649	46825
D4h1	0.000752	0.001452	6649	46825
D4h1c	0.000150	0.001324	6649	46825
D4h3	0.000602	0.000747	6649	46825
D4i	0.001203	0.000662	6649	46825
D4j+146	0.000150	0.000085	6649	46825
D4j1	0.000602	0.000342	6649	46825
D4j1a	0.000150	0.000214	6649	46825
D4j1a1	0.004813	0.000726	6649	46825
D4j1b	0.000451	0.000491	6649	46825
D4j1b2	0.003459	0.000085	6649	46825
D4j2	0.000150	0.000043	6649	46825
D4j3	0.000602	0.002413	6649	46825
D4k	0.000752	0.000214	6649	46825
D4q	0.001053	0.001388	6649	46825
D4s	0.001504	0.000448	6649	46825
D5	0.000150	0.000128	6649	46825
D5a2a+16092	0.001354	0.000214	6649	46825
D5a2a1	0.002858	0.008265	6649	46825
D5a2a1+@16172	0.000752	0.000641	6649	46825
D5a2b	0.000752	0.000235	6649	46825
D5b1c1	0.000150	0.000982	6649	46825
D5b1c1a	0.000451	0.000577	6649	46825
D5b3	0.001654	0.001303	6649	46825
D5b4	0.001955	0.000577	6649	46825
D5c+16311	0.000150	0.000064	6649	46825
D6a2	0.000301	0.000064	6649	46825
D6c	0.000301	0.000662	6649	46825
E1a1a1	0.001354	0.004207	6649	46825
E1a1a1a	0.002707	0.000043	6649	46825
E2a	0.000752	0.000192	6649	46825
E2a1a	0.000150	0.000021	6649	46825
E2b	0.000752	0.000256	6649	46825
F1+16189	0.002707	0.000278	6649	46825
F1a	0.011581	0.002178	6649	46825
F1a'c'f	0.001203	0.001046	6649	46825
F1a1	0.006918	0.004421	6649	46825
F1a1'4	0.000602	0.007944	6649	46825
F1a1a	0.059107	0.001004	6649	46825
F1a1a1	0.022409	0.000299	6649	46825
F1a1c	0.000451	0.001815	6649	46825
F1a1c1	0.000602	0.000064	6649	46825
F1a1d	0.005866	0.003289	6649	46825
F1a2	0.002406	0.000384	6649	46825
F1a2a	0.001053	0.000662	6649	46825
F1a3	0.002557	0.002734	6649	46825
F1a3+16311	0.000451	0.000021	6649	46825
F1a4a	0.003008	0.000982	6649	46825
F1a4a1	0.001053	0.000235	6649	46825
F1a4b	0.000150	0.000107	6649	46825
F1b1+@152	0.000602	0.001089	6649	46825
F1b1c	0.002106	0.001196	6649	46825
F1c1	0.000451	0.000128	6649	46825
F1c1a	0.007069	0.000107	6649	46825
F1c1a1	0.001203	0.002947	6649	46825
F1c1a2	0.000902	0.000619	6649	46825
F1d	0.007520	0.002691	6649	46825
F1d1	0.000301	0.000555	6649	46825
F1e	0.000150	0.000918	6649	46825
F1e3	0.001805	0.001239	6649	46825
F1f	0.018198	0.001666	6649	46825
F1g	0.001955	0.002691	6649	46825
F1g1	0.004963	0.001260	6649	46825
F2	0.000451	0.001410	6649	46825
F2a	0.001203	0.005040	6649	46825
F2a+@16291	0.000301	0.000171	6649	46825
F2a1	0.002256	0.002221	6649	46825
F2b1	0.002406	0.000256	6649	46825
F2d	0.000451	0.002371	6649	46825
F2e	0.000902	0.000534	6649	46825
F2h	0.000301	0.000320	6649	46825
F3a	0.001203	0.001345	6649	46825
F3a+207	0.000301	0.000043	6649	46825
F3a1	0.007370	0.003075	6649	46825
F3b	0.000301	0.000406	6649	46825
F3b+152	0.000301	0.000064	6649	46825
F3b1a	0.000301	0.000021	6649	46825
F3b1a1	0.000150	0.000043	6649	46825
F3b1b	0.000602	0.002840	6649	46825
F4a2	0.001504	0.000876	6649	46825
F4b	0.000451	0.000812	6649	46825
G	0.001504	0.000128	6649	46825
G1a	0.000451	0.000897	6649	46825
G1a1	0.001354	0.003246	6649	46825
G1a2	0.000451	0.000363	6649	46825
G1c	0.001053	0.001132	6649	46825
G2	0.000752	0.000021	6649	46825
G2a	0.001654	0.001815	6649	46825
G2a+152	0.000301	0.001046	6649	46825
G2a1	0.001203	0.002435	6649	46825
G2a1+16189	0.000150	0.000299	6649	46825
G2a1d2	0.000451	0.000726	6649	46825
G2a1d2a	0.000602	0.000107	6649	46825
G2b1a	0.000301	0.000961	6649	46825
G2b1a1	0.004211	0.000064	6649	46825
G2b1a2	0.000150	0.000299	6649	46825
G2b2c	0.000451	0.000192	6649	46825
G2c	0.000150	0.000406	6649	46825
G3a1'2	0.000301	0.000662	6649	46825
G3a3	0.000150	0.000192	6649	46825
G3b2	0.000301	0.000235	6649	46825
H13a2a	0.000301	0.000320	6649	46825
H14	0.000602	0.000043	6649	46825
H1c4b	0.000451	0.000043	6649	46825
H5	0.000150	0.000726	6649	46825
H5a1+16093	0.000301	0.000021	6649	46825
H5a1g	0.000150	0.000000	6649	46825
HV12b1	0.000150	0.000107	6649	46825
HV4b	0.000752	0.000064	6649	46825
I1b	0.000150	0.000256	6649	46825
I1e	0.000150	0.000043	6649	46825
K1a4	0.000150	0.000171	6649	46825
K1a5a	0.000301	0.000128	6649	46825
L3b1a+@16124	0.000150	0.000128	6649	46825
L3c	0.000752	0.000043	6649	46825
L3f	0.000301	0.000085	6649	46825
L3h1	0.000602	0.000000	6649	46825
M	0.004662	0.000192	6649	46825
M1'20'51	0.002106	0.000021	6649	46825
M10	0.000902	0.000427	6649	46825
M10a	0.000150	0.000085	6649	46825
M10a1	0.000301	0.001111	6649	46825
M10a1+16129	0.001354	0.000085	6649	46825
M10a1a	0.000451	0.001602	6649	46825
M10a1a1	0.000150	0.000235	6649	46825
M10a1a1b	0.000301	0.001196	6649	46825
M10a1a1b1	0.000451	0.001132	6649	46825
M10a1b	0.000902	0.001901	6649	46825
M11a	0.000301	0.000790	6649	46825
M11a2	0.000150	0.000662	6649	46825
M12	0.000301	0.000000	6649	46825
M12a1	0.000150	0.000000	6649	46825
M12a1a	0.004362	0.000192	6649	46825
M12a1a1	0.000602	0.000918	6649	46825
M12a1a2	0.000150	0.000192	6649	46825
M12a1b	0.001805	0.000342	6649	46825
M12a2	0.001203	0.000021	6649	46825
M12b	0.002256	0.000000	6649	46825
M12b1a	0.000301	0.000000	6649	46825
M12b1a2	0.011280	0.000000	6649	46825
M12b1a2a	0.001955	0.000000	6649	46825
M12b1a2b	0.002406	0.000000	6649	46825
M12b1b	0.003309	0.000000	6649	46825
M12b2	0.000451	0.000021	6649	46825
M12b2a	0.003008	0.000000	6649	46825
M13	0.000150	0.000021	6649	46825
M13'46'61+16362	0.000150	0.000214	6649	46825
M13a1b	0.000150	0.000683	6649	46825
M13a2	0.000602	0.000683	6649	46825
M13b1	0.000602	0.000043	6649	46825
M13c	0.005565	0.000021	6649	46825
M17a	0.003008	0.000021	6649	46825
M17c	0.001955	0.000021	6649	46825
M17c1a	0.000301	0.000021	6649	46825
M17c1a1	0.000902	0.000021	6649	46825
M17c1a1a	0.001805	0.000021	6649	46825
M18'38	0.001203	0.000021	6649	46825
M18c	0.000301	0.000021	6649	46825
M19	0.000451	0.000021	6649	46825
M2	0.000150	0.000000	6649	46825
M20	0.013686	0.000214	6649	46825
M21a	0.001955	0.000043	6649	46825
M21b	0.004662	0.000043	6649	46825
M21b+210	0.000301	0.000000	6649	46825
M21b1	0.000150	0.000000	6649	46825
M21b1a	0.000451	0.000085	6649	46825
M21b2	0.006768	0.000043	6649	46825
M22a	0.001053	0.000021	6649	46825
M22b	0.000150	0.000043	6649	46825
M23	0.000301	0.004741	6649	46825
M23'75	0.001354	0.000043	6649	46825
M24a	0.005264	0.000149	6649	46825
M24b	0.004512	0.000043	6649	46825
M26	0.000301	0.000043	6649	46825
M28	0.001504	0.000000	6649	46825
M29a	0.000150	0.000085	6649	46825
M2a1a	0.000150	0.000256	6649	46825
M2c	0.000301	0.000021	6649	46825
M30	0.000150	0.000256	6649	46825
M30c1	0.000150	0.000064	6649	46825
M30e	0.000150	0.000128	6649	46825
M31a	0.000150	0.000000	6649	46825
M31a2	0.000150	0.000043	6649	46825
M31b	0.000150	0.000000	6649	46825
M31b'c	0.000150	0.000000	6649	46825
M32'56	0.000150	0.000000	6649	46825
M32c	0.000150	0.003182	6649	46825
M33a1	0.000150	0.000000	6649	46825
M33a2'3	0.000451	0.000000	6649	46825
M33a3a	0.000602	0.000043	6649	46825
M33b	0.001203	0.000043	6649	46825
M33b1	0.001504	0.000299	6649	46825
M33c	0.000301	0.001281	6649	46825
M34a1	0.000150	0.000021	6649	46825
M34a1a	0.000150	0.000021	6649	46825
M34a2	0.000150	0.000043	6649	46825
M35a	0.000150	0.000043	6649	46825
M35b+16304	0.000150	0.000064	6649	46825
M35b1	0.000150	0.000128	6649	46825
M35b4	0.000301	0.000107	6649	46825
M36d	0.000150	0.000021	6649	46825
M37+152+151	0.000150	0.000128	6649	46825
M37e	0.000301	0.000021	6649	46825
M37e2	0.000150	0.000064	6649	46825
M38	0.000451	0.000021	6649	46825
M38a	0.000150	0.000043	6649	46825
M38b	0.000150	0.000128	6649	46825
M3a1+204	0.000451	0.000235	6649	46825
M3c	0.000150	0.000064	6649	46825
M3c+152	0.000150	0.000021	6649	46825
M3c1	0.000150	0.000000	6649	46825
M3d	0.001654	0.000149	6649	46825
M3d1a	0.001654	0.000021	6649	46825
M4'67	0.000150	0.000000	6649	46825
M4'67+16311	0.000301	0.000043	6649	46825
M40a1	0.000150	0.000107	6649	46825
M42b	0.000150	0.000000	6649	46825
M43+16311	0.000150	0.000000	6649	46825
M43a1	0.000451	0.000427	6649	46825
M44	0.000150	0.000021	6649	46825
M45	0.000451	0.000021	6649	46825
M45a	0.000451	0.000214	6649	46825
M46	0.000902	0.000000	6649	46825
M46a	0.001053	0.000043	6649	46825
M48	0.000902	0.000000	6649	46825
M49	0.001955	0.000000	6649	46825
M49a	0.000602	0.000000	6649	46825
M49c1	0.000150	0.000043	6649	46825
M49e	0.000301	0.000043	6649	46825
M49e1	0.000451	0.000000	6649	46825
M4a	0.000602	0.000149	6649	46825
M5	0.005866	0.000149	6649	46825
M50	0.001053	0.000021	6649	46825
M50a	0.000301	0.000000	6649	46825
M50a1	0.001955	0.000043	6649	46825
M50a2	0.000301	0.000021	6649	46825
M51	0.003309	0.000000	6649	46825
M51a	0.002106	0.000000	6649	46825
M51a1	0.000301	0.000000	6649	46825
M51a1a	0.000902	0.000021	6649	46825
M51a1b	0.002406	0.000021	6649	46825
M51a2	0.001504	0.000000	6649	46825
M51b	0.001203	0.000000	6649	46825
M51b1	0.000602	0.000000	6649	46825
M51b1a	0.000602	0.000000	6649	46825
M51b1b	0.002256	0.000000	6649	46825
M54	0.000752	0.000085	6649	46825
M55	0.002557	0.000043	6649	46825
M57+152	0.000150	0.000021	6649	46825
M57a	0.000301	0.000085	6649	46825
M58	0.000451	0.000021	6649	46825
M59	0.001053	0.000043	6649	46825
M5a	0.000451	0.000171	6649	46825
M5a2a	0.000150	0.000064	6649	46825
M5a2a1a2	0.000451	0.000085	6649	46825
M5a4	0.000150	0.000043	6649	46825
M5b	0.000301	0.000021	6649	46825
M5c1	0.000451	0.000085	6649	46825
M5c2	0.000150	0.000085	6649	46825
M5d	0.000150	0.000043	6649	46825
M6	0.000451	0.000043	6649	46825
M60	0.000150	0.000000	6649	46825
M60a1	0.000150	0.000085	6649	46825
M61	0.002406	0.000149	6649	46825
M62	0.000451	0.000043	6649	46825
M62'68	0.000150	0.000000	6649	46825
M65a+@16311	0.000451	0.000107	6649	46825
M68	0.000451	0.000000	6649	46825
M68a	0.000902	0.000000	6649	46825
M68a1	0.000451	0.000000	6649	46825
M68a1a	0.003760	0.000000	6649	46825
M68a2	0.000451	0.000000	6649	46825
M68a2a	0.000902	0.000000	6649	46825
M69a	0.002106	0.000000	6649	46825
M6a1a	0.000602	0.000171	6649	46825
M70	0.000150	0.000940	6649	46825
M71	0.001354	0.000384	6649	46825
M71+151	0.008272	0.000000	6649	46825
M71a	0.000602	0.000171	6649	46825
M71a1a	0.002707	0.000064	6649	46825
M71a2	0.001805	0.000064	6649	46825
M71b	0.000451	0.000107	6649	46825
M71c	0.000752	0.000021	6649	46825
M72	0.001504	0.000043	6649	46825
M72a	0.002256	0.000021	6649	46825
M73	0.002256	0.000000	6649	46825
M73a1	0.000451	0.000021	6649	46825
M73b	0.003459	0.000021	6649	46825
M74	0.001203	0.000085	6649	46825
M74a	0.005414	0.000769	6649	46825
M74b	0.003459	0.000064	6649	46825
M74b1	0.007971	0.000043	6649	46825
M74b2	0.002858	0.000128	6649	46825
M75	0.000602	0.000342	6649	46825
M76	0.003610	0.000043	6649	46825
M76a	0.000902	0.000128	6649	46825
M77	0.001053	0.000000	6649	46825
M79	0.001053	0.000021	6649	46825
M7a	0.000752	0.000000	6649	46825
M7a+16324	0.000752	0.000043	6649	46825
M7a1a6	0.000150	0.000085	6649	46825
M7b	0.000752	0.000000	6649	46825
M7b1a	0.000451	0.000149	6649	46825
M7b1a1	0.006317	0.007795	6649	46825
M7b1a1+(16192)	0.011731	0.000726	6649	46825
M7b1a1a	0.002406	0.001538	6649	46825
M7b1a1a1	0.000602	0.001452	6649	46825
M7b1a1a2	0.002707	0.000320	6649	46825
M7b1a1a3	0.009926	0.002392	6649	46825
M7b1a1b	0.005866	0.003524	6649	46825
M7b1a1d1	0.001203	0.000662	6649	46825
M7b1a1e	0.000301	0.000448	6649	46825
M7b1a1e1	0.004211	0.000854	6649	46825
M7b1a1e2	0.000150	0.000470	6649	46825
M7b1a1f	0.007370	0.001687	6649	46825
M7b1a1g	0.000150	0.000427	6649	46825
M7b1a1h	0.001053	0.001260	6649	46825
M7b1a1i	0.000451	0.000128	6649	46825
M7b1a2a1	0.000752	0.000384	6649	46825
M7b2a	0.000301	0.000171	6649	46825
M7c	0.000451	0.000000	6649	46825
M7c1	0.001203	0.002712	6649	46825
M7c1a	0.004512	0.001943	6649	46825
M7c1a4a	0.000301	0.000107	6649	46825
M7c1b2b	0.001053	0.001495	6649	46825
M7c1c1	0.000301	0.000171	6649	46825
M7c1c2	0.003459	0.002499	6649	46825
M7c1c2a	0.000451	0.000064	6649	46825
M7c1c3	0.005414	0.008735	6649	46825
M7c1c3a	0.000150	0.000000	6649	46825
M7c1c3a1	0.000150	0.000107	6649	46825
M7c1c3b	0.000602	0.000021	6649	46825
M7c1c3d	0.000301	0.000021	6649	46825
M7c1c3e	0.000150	0.000043	6649	46825
M7c2	0.000752	0.000577	6649	46825
M7c2a	0.001805	0.000021	6649	46825
M7c2b	0.000150	0.000171	6649	46825
M7c3	0.000150	0.000149	6649	46825
M8a2'3	0.000301	0.001837	6649	46825
M8a2a	0.000301	0.000897	6649	46825
M8a2a1	0.002256	0.002456	6649	46825
M9	0.002256	0.001068	6649	46825
M91a	0.003309	0.000043	6649	46825
M91b	0.001354	0.000000	6649	46825
M9a	0.000150	0.000470	6649	46825
M9a'b	0.001053	0.000128	6649	46825
M9a1	0.000150	0.000043	6649	46825
M9a1a1	0.000451	0.000256	6649	46825
M9a1a2	0.000451	0.001196	6649	46825
M9a1a3	0.000602	0.000171	6649	46825
M9a1b+150	0.001654	0.000214	6649	46825
M9a1b1	0.004211	0.001623	6649	46825
M9a4a	0.000150	0.000128	6649	46825
M9a4a1	0.000451	0.000256	6649	46825
M9a4a2	0.000902	0.000256	6649	46825
M9a5	0.000752	0.000128	6649	46825
M9b	0.000451	0.000470	6649	46825
N	0.001053	0.000299	6649	46825
N10a	0.001955	0.000555	6649	46825
N10b	0.000150	0.000320	6649	46825
N11b	0.002256	0.000000	6649	46825
N1a1a1a1	0.000150	0.000107	6649	46825
N21	0.004662	0.000107	6649	46825
N21+195	0.007670	0.000021	6649	46825
N21a	0.001203	0.000021	6649	46825
N22	0.001805	0.000043	6649	46825
N7	0.000150	0.000000	6649	46825
N7a	0.000451	0.000000	6649	46825
N7a1	0.000451	0.000000	6649	46825
N7a2	0.001203	0.000000	6649	46825
N7b	0.001203	0.000000	6649	46825
N8	0.005114	0.000043	6649	46825
N9a	0.002256	0.001452	6649	46825
N9a1	0.001203	0.006877	6649	46825
N9a10	0.001354	0.002541	6649	46825
N9a10+16311	0.005565	0.000043	6649	46825
N9a11	0.000150	0.000299	6649	46825
N9a2a1	0.000150	0.000149	6649	46825
N9a2c	0.000150	0.000107	6649	46825
N9a3	0.000301	0.002926	6649	46825
N9a4	0.000150	0.000598	6649	46825
N9a4b	0.000752	0.000043	6649	46825
N9a6	0.005715	0.000021	6649	46825
N9a6a	0.001053	0.000043	6649	46825
N9b1c	0.000451	0.000043	6649	46825
P4a	0.000150	0.000171	6649	46825
Q1c1a	0.000150	0.000107	6649	46825
Q1d	0.000150	0.000171	6649	46825
R	0.000451	0.000918	6649	46825
R+16189	0.002858	0.000021	6649	46825
R11'B6	0.001203	0.000021	6649	46825
R11b1	0.000752	0.000064	6649	46825
R2+13500	0.000301	0.000491	6649	46825
R21	0.000150	0.000043	6649	46825
R22	0.020304	0.000043	6649	46825
R23	0.001805	0.000000	6649	46825
R24	0.000150	0.000000	6649	46825
R30	0.000150	0.000085	6649	46825
R30b2a	0.000150	0.000043	6649	46825
R31a	0.000150	0.000043	6649	46825
R5a	0.000150	0.000000	6649	46825
R5a1a	0.000451	0.000064	6649	46825
R5a2a	0.000301	0.000043	6649	46825
R6a2	0.000451	0.000064	6649	46825
R6b	0.000301	0.000021	6649	46825
R7	0.000150	0.000021	6649	46825
R8a1+16093	0.000150	0.000021	6649	46825
R9	0.000301	0.000064	6649	46825
R9b	0.000752	0.000299	6649	46825
R9b1	0.001053	0.000427	6649	46825
R9b1a	0.002707	0.000000	6649	46825
R9b1a1	0.000150	0.000000	6649	46825
R9b1a1a	0.008573	0.000577	6649	46825
R9b1a2a	0.000752	0.000555	6649	46825
R9b1a2b	0.000752	0.000128	6649	46825
R9b1a3	0.004512	0.001495	6649	46825
R9b1b	0.004211	0.000854	6649	46825
R9b2	0.004813	0.000491	6649	46825
R9c	0.000150	0.000171	6649	46825
R9c1a	0.001053	0.000876	6649	46825
R9c1b1	0.002106	0.000918	6649	46825
R9c1b2	0.000451	0.000043	6649	46825
T2a+195	0.000150	0.000021	6649	46825
U1a1c1a	0.000150	0.000064	6649	46825
U1a1c1d	0.000301	0.000107	6649	46825
U2+152	0.000150	0.000000	6649	46825
U2a1	0.000150	0.000021	6649	46825
U2a1a	0.001203	0.000085	6649	46825
U2a1b	0.000150	0.000043	6649	46825
U2a2	0.000150	0.000171	6649	46825
U2b	0.001203	0.000064	6649	46825
U2b1	0.001203	0.000149	6649	46825
U2b2	0.000451	0.000406	6649	46825
U2c1	0.000150	0.000064	6649	46825
U2c1b	0.000150	0.000085	6649	46825
U6	0.000150	0.000128	6649	46825
W3a1b	0.001203	0.000107	6649	46825
W3b	0.000150	0.000491	6649	46825
W4a	0.000150	0.000043	6649	46825
X	0.000602	0.000000	6649	46825
Y1	0.000150	0.001858	6649	46825
Y1b1a	0.000150	0.000085	6649	46825
Y2	0.000150	0.001324	6649	46825
Y2a	0.000301	0.000149	6649	46825
Y2a1	0.002106	0.000043	6649	46825
Z	0.000451	0.001751	6649	46825
Z+152	0.003008	0.000384	6649	46825
Z3	0.000451	0.003972	6649	46825
Z3a	0.001354	0.000448	6649	46825
Z3a1a	0.000301	0.000235	6649	46825
Z3c	0.000451	0.001773	6649	46825
Z4	0.000301	0.001196	6649	46825
Z4a1a1	0.000602	0.000085	6649	46825
